[
    [[45,127],[48,80],[52,90]],
    [[47,120],[50,85],[54,95]],
    [[48,110],[52,70],[55,88]],
    [[50,115],[53,90],[57,100]],
    [[52,105],[55,75],[59,87]],
    [[53,112],[57,95],[59,100]],
    [[54,108],[59,85],[61,92]],
    [[55,120],[59,78],[63,85]],
    [[57,107],[61,93],[65,97]],
    [[59,103],[63,82],[66,88]],
    [[59,118],[65,100],[68,110]],
    [[61,95],[66,80],[70,90]],
    [[63,125],[66,85],[73,95]],
    [[65,105],[68,83],[74,87]],
    [[66,110],[70,88],[74,100]],
    [[68,108],[73,77],[78,85]],
    [[70,115],[74,92],[78,98]],
    [[73,97],[74,85],[80,90]],
    [[74,120],[78,100],[83,110]],
    [[74,110],[78,85],[83,95]]
] @=> int noteSets[][][];




// tbScl-based 3-note chord sets (mirrors noteSets)
[
    [[60,100],[64,85],[67,90]],   // C major
    [[61,95],[64,80],[68,88]],    // C# diminished-ish / passing
    [[62,105],[65,85],[69,90]],   // D minor
    [[63,100],[67,85],[70,90]],   // D# diminished-ish
    [[64,110],[67,90],[71,95]],   // E minor
    [[65,108],[69,88],[72,95]],   // F major
    [[66,107],[69,85],[73,92]],   // F# diminished / passing
    [[67,115],[71,90],[74,95]],   // G major
    [[68,110],[72,85],[75,90]],   // G# diminished / color
    [[69,120],[72,90],[76,95]],   // A minor
    [[70,105],[74,85],[77,90]],   // A# major
    [[71,115],[75,88],[78,95]],   // B diminished / color
    [[72,120],[76,90],[79,95]],   // C major (higher)
    [[73,108],[77,88],[79,92]],   // C# passing
    [[74,110],[78,85],[79,90]],   // D minor high
    [[75,115],[79,87],[79,93]],   // D# passing
    [[76,120],[79,90],[79,95]],   // E minor / top
    [[77,110],[79,85],[79,90]],   // F major color
    [[78,115],[79,88],[79,90]],   // G major color
    [[79,120],[79,95],[79,95]]    // top unison / resolution
] @=> int tbSclSets[][][];